101
102
102
104
105
106
107
108
109
110
111
112
113
114
115
116
117
132
119
120
121
122
123
124
125
127
127
128
129
130
131
132
133
134
135
136
137
138
139
140
141
201
123
203
204
205
217
207
208
102
210
211
212
213
214
203
216
309
101
219
220
221
301
302
303
304
305
306
307
139
309
309
130
202
130
108
108
108
301
301
115
104
111
130
105
101
133
301
123
126
127
101
301
205
203
205
309
123
137
109
108
140
141
201
210
204
218
210
212
216
210
303
221
212
203
301
302
307
304
305
303
309
117
101
110
110
301
101
101
131
121
122
121
110
141
108
305
105
101
301
203
130
301
101
104
203
304
101
101
122
141
309
122
110
133
130
101
110
303
212
122
123
304
203
302
302
140
210
137
137
108
201
203
141
121
309
135
110
304
101
110
205
212
205
121
212
203
121
212
309
123
304
301
139
307
309
308
303
212
212
112
111
110
109
108
107
127
133
105
303
102
124
123
122
117
136
135
134
303
133
101
201
141
140
139
307
138
137
209
208
205
121
120
119
309
221
220
303
212
309
132
214
102
211
210
101
137
133
205
205
108
105
140
101
104
133
107
102
110
109
118
122
120
119
305
139
115
124
114
123
131
128
125
309
127
130
132
133
136
129
304
131
131
137
201
140
203
202
139
206
208
106
207
133
309
102
133
301
303
130
118
301
301
212
140
301
108
122
301
120
301
105
109
115
304
101
141
109
201
109
109
124
133
130
137
301
133
101
105
214
109
137
306
137
121
212
309
105
210
120
301
213
212
212
203
101
212
221
201
210
101
102
135
104
212
108
108
110
112
119
127
109
115
119
212
112
121
213
123
125
126
141
127
214
305
101
130
101
127
129
121
140
201
221
214
309
303
214
201
212
108
212
121
210
221
305
122
105
305
221
221
102
309
108
221
131
306
121
221
138
131
120
102
105
134
128
221
221
139
140
309
131
203
105
221
121
309
125
102
309
221
303
125
140
221
201
221
221
219
221
110
304
210
221
121
133
104
115
201
221
221
133
221
138
309
114
212
108
129
107
126
131
304
117
212
133
116
104
305
133
140
138
203
212
301
305
119
140
133
211
108
309
201
221
309
133
303
108
108
128
140
106
203
107
133
203
131
101
140
306
